5622708943 50000 2025-09-19T14:05:33
7141323432 100000 ok7141323432 10000 naptien 7141323432
5622708943 10000 naptien 5622708943
5622708943 1000000 naptien 5622708943
5622708943 100000 naptien 5622708943
5622708943 1000000 naptien 5622708943
5622708943 200000000 naptien 5622708943
5622708943 100000 naptien 5622708943
5622708943 200000 naptien 5622708943
5622708943 100000 naptien 5622708943
5622708943 100000 naptien 5622708943
5622708943 500000 naptien 5622708943
5622708943 1000000 naptien 5622708943
5622708943 1000000000000 naptien 5622708943
5622708943 -999700000000 naptien 5622708943
7141323432 2000000 naptien 7141323432
5622708943 100000 naptien 5622708943
7988684498 20000 naptien 7988684498
5622708943 1000000 naptien 5622708943
5622708943 200000 naptien 5622708943
5622708943 200000 naptien 5622708943
5622708943 100000 naptien 5622708943
7988684498 100000 naptien 7988684498
7141323432 100000 naptien 7141323432
7141323432 100000 naptien 7141323432
7141323432 100000 naptien 7141323432
7141323432 10000 naptien 7141323432
5622708943 10000 naptien 5622708943
5622708943 100000 naptien 5622708943
7988684498 1000000 naptien 7988684498
5622708943 1000000 naptien 5622708943
5622708943 10000 naptien 5622708943
7670149729 200000 naptien 7670149729
7670149729 -180000 naptien 7670149729
5622708943 100000 naptien 5622708943
5622708943 1000000 naptien 5622708943
5622708943 10000000 naptien 5622708943
5622708943 100000 naptien 5622708943
7141323432 100000 naptien 7141323432
7141323432 10000000 naptien 7141323432
5622708943 100000 naptien 5622708943
7141323432 1000000 naptien 7141323432
7141323432 1000000 naptien 7141323432
5622708943 10000000 naptien 5622708943
7829091684 50000 naptien 7829091684
